37173
37359
37517
37685
37721
37752
37765
37861
37862
37902
37903
38011
38095
38257
38267
38389
38403
38426
38446
38508
38509
38614
38615
38730
38797
39097
39098
39110
39120
39158
39201
39257
39291
39324
39376
39378
39379
39455
39458
39459
39554
39606
39607
39608
39813
39814
39815
39816
39817
39870
39920
39925
39964
39965
39966
39974
39975
40017
40034
40086
40187
40188
40189
40233
40234
40235
40236
40263
40310
40311
40450
40451
40452
40454
40461
40505
40548
40591
40601
40647
40652
40653
40654
40659
40952
41009
41179
41184
41192
41210
41211
41261
41403
41404
41405
41655
41832
41990
42180
42806